0.00031481274733204275    0.17506297229219142
0.0006410625246180971     0.3123425692695214
0.0009476058057049498     0.37657430730478586
0.0012642599898239333     0.4030226700251889
0.001582052618070085      0.42065491183879095
0.0018929038196283628     0.44962216624685136
0.0022217179609276528     0.482367758186398
0.0025254410107383514     0.5025188916876574
0.002852351979440729      0.5188916876574308
0.00316025231754474       0.5302267002518891
0.0034790284924220965     0.5503778337531486
0.0038055006235629013     0.5743073047858942
0.004381521331865967      0.579345088161209
0.005142630353562002      0.5906801007556675
0.006817286955446974      0.610831234256927
0.00784918757752735       0.6209068010075567
0.01145479182486386       0.6523929471032746
0.013793587679786763      0.6675062972292192
0.016086264417066235      0.6939546599496221
0.019370696741551136      0.7191435768261965
0.023778394412928654      0.7304785894206549
0.03192814026537012       0.7531486146095717
0.040990933902233184      0.7657430730478589
0.05982053682869824       0.7921914357682619
0.08509090418962498       0.8110831234256927
0.129044685174682         0.8337531486146096
0.19445301941784654       0.8513853904282116
0.2987008822074254        0.871536523929471
0.5525204519390952        0.8879093198992443
0.8763593976637581        0.8929471032745592
1.103695299882902         0.8942065491183879
1.9771925733217464        0.8942065491183879
4.347964927982562         0.8954659949622166
0.009885340946089853      0.6423173803526449
